234
45
62
59
334
120
68
53
51
333
50
33
35
31
236
70
311
69
77
95
34
314
54
118
117
85
87
47
80
31
83
145
243
173
112
363
48
58
318
251
88
125
164
61
415
241
111
62
239
156
196
32
346
117
66
114
75
84
66
865
55
163
210
31
107
1918
332
1176
462
128
191
33
214
121
116
98
693
82
46
72
72
66
198
263
149
91
175
147
52
90
72
99
321
236
64
1260
166
160
42
163
212
197
134
297
94
165
160
89
524
64
193
141
62
50
119
81
40
106
71
270
229
258
161
519
137
66
66
645
406
59
173
93
189
55
65
266
38
205
93
57
87
101
65
168
132
49
70
407
113
129
92
98
95
439
445
56
395
144
35
40
441
380
70
36
224
178
42
116
43
276
278
165
96
47
455
66
190
32
93
86
366
376
130
161
57
74
1507
59
64
221
65
167
195
156
33
215
72
166
235
365
71
33
186
65
94
54
76
967
77
372
207
255
366
1021
2774
69
133
63
146
40
460
313
76
34
53
61
68
255
129
87
1150
88
35
484
93
41
480
46
78
141
95
70
144
284
337
373
74
213
205
210
38
155
100
121
88
216
68
62
168
222
38
382
226
86
30
77
145
348
81
58
179
76
125
445
56
165
78
39
74
150
160
42
170
1067
63
117
555
197
67
73
185
113
49
93
169
313
488
588
111
68
57
241
435
120
56
61
35
132
36
95
129
79
254
357
103
85
39
444
52
128
113
46
32
72
179
251
37
43
119
92
234
283
313
116
359
149
190
100
105
571
317
31
174
386
261
134
174
441
334
281
44
30
818
60
114
43
386
655
1018
83
51
157
442
47
208
734
115
312
137
150
961
97
84
55
284
50
116
121
51
64
34
112
123
199
37
92
93
446
325
43
304
51
157
175
115
245
77
85
61
185
29
538
267
215
279
159
168
471
37
49
67
78
38
173
98
289
370
781
81
171
116
423
152
66
46
80
103
85
65
344
89
105
590
87
65
289
51
84
217
792
301
174
227
574
51
106
36
223
34
50
114
55
384
95
385
647
61
96
77
97
281
50
152
73
409
221
81
729
93
31
181
46
68
44
61
201
89
62
48
49
88
116
343
191
195
331
72
118
62
213
95
65
35
189
223
39
38
211
130
70
40
171
34
55
59
407
53
52
48
192
53
32
371
119
44
69
91
299
53
320
439
139
48
187
327
180
114
309
363
120
51
98
124
52
98
93
121
132
486
310
278
136
139
194
139
779
80
592
869
287
575
111
97
38
461
35
285
127
1256
43
438
473
140
69
49
77
257
53
93
117
161
192
216
212
66
178
81
725
212
58
58
140
70
88
209
107
108
229
152
220
37
411
205
92
85
64
218
159
346
87
229
156
142
323
118
584
750
131
105
42
669
92
565
224
70
121
177
183
60
210
38
116
159
196
199
78
113
135
107
46
387
42
118
380
118
96
75
111
538
578
167
401
146
35
240
826
31
599
251
117
99
706
123
103
80
392
146
143
154
57
90
69
136
153
769
48
674
70
99
50
633
450
134
353
1071
32
413
498
54
121
97
125
289
418
29
329
74
43
37
102
239
54
67
294
184
28
64
188
74
52
231
89
60
130
70
453
67
572
79
215
186
139
36
303
101
72
102
258
56
592
36
152
297
93
42
66
43
59
76
57
152
79
144
310
56
264
146
283
146
70
323
109
145
93
100
1087
80
321
110
132
59
354
105
311
140
131
96
161
713
94
1143
977
85
825
93
92
378
50
97
156
349
256
71
123
159
251
135
65
61
316
350
310
113
99
56
35
185
349
43
801
111
75
46
395
236
214
165
99
55
2078
99
114
562
116
52
123
151
53
125
260
61
196
55
293
134
89
377
57
443
153
126
47
48
149
96
184
230
31
307
213
122
64
166
307
1070
88
125
391
137
179
188
71
145
114
58
154
952
60
31
152
265
143
103
39
137
59
191
55
92
40
83
63
134
1676
192
50
80
478
122
261
106
201
124
61
171
69
176
1551
46
926
59
84
144
719
32
63
301
85
140
137
997
77
238
159
50
92
123
35
152
41
107
84
48
124
178
313
58
234
143
47
60
877
118
38
70
27
61
108
111
40
191
83
97
130
57
126
187
335
38
164
160
171
221
188
63
178
74
116
252
88
131
82
183
98
349
88
75
50
158
232
82
68
255
65
37
42
110
134
59
31
114
97
83
135
97
30
59
124
241
134
371
127
206
223
180
317
58
284
161
50
351
117
104
75
121
103
72
32
325
60
486
590
56
556
74
173
599
131
114
426
179
75
72
78
440
65
76
84
153
204
372
107
37
161
32
110
47
48
169
79
408
163
80
77
198
214
627
322
175
495
47
238
103
122
206
126
133
62
215
145
326
140
130
152
38
49
203
174
394
88
37
125
160
179
49
65
94
234
171
306
128
72
527
70
33
73
68
121
52
159
171
85
161
119
165
126
125
34
138
89
37
38
115
240
411
100
118
41
154
86
195
223
38
41
155
53
897
145
181
97
532
272
39
49
107
228
46
86
54
74
157
221
61
58
195
134
88
89
320
227
32
443
111
402
178
101
1807
76
40
51
114
209
234
164
107
407
501
69
556
268
79
80
357
394
423
159
146
161
973
155
91
30
903
347
657
165
206
134
517
53
280
338
57
53
89
682
62
62
44
42
554
93
124
87
203
71
58
145
85
66
294
167
50
105
260
280
41
126
198
82
114
112
90
176
173
265
115
167
40
201
32
72
374
113
96
433
87
47
179
461
296
759
1087
67
163
104
102
142
242
41
134
230
376
721
190
39
40
141
189
616
54
265
32
201
48
167
48
145
190
186
62
114
72
127
114
305
115
333
168
31
52
57
42
39
238
873
128
49
207
90
39
104
65
116
223
89
60
48
213
99
123
41
224
229
31
56
287
85
85
31
44
92
77
551
732
179
46
91
92
160
431
52
107
439
43
107
75
381
135
118
143
660
184
237
64
41
85
49
251
337
119
139
143
157
51
213
54
150
86
206
161
114
315
333
41
213
119
78
34
428
135
367
73
31
37
252
586
173
77
68
131
33
182
100
52
110
209
367
194
93
185
32
73
75
171
60
180
214
197
460
64
74
614
130
101
34
32
116
631
35
56
779
38
157
135
250
77
83
197
49
76
81
233
80
328
137
42
164
32
179
106
702
523
53
178
80
40
115
109
1477
47
296
351
304
390
32
248
45
40
86
38
1130
95
53
140
110
44
195
157
314
152
312
110
81
232
47
666
146
243
94
83
128
64
327
188
56
574
178
37
68
61
146
915
172
89
58
56
546
230
142
101
34
228
49
78
335
80
52
159
33
51
100
77
83
105
165
106
205
63
60
254
309
110
73
160
201
273
93
159
994
403
93
106
251
190
116
51
195
105
98
39
346
182
200
90
522
174
245
82
291
45
48
468
248
92
61
87
60
317
431
54
467
90
88
65
118
53
161
83
136
212
910
57
249
149
130
40
105
87
321
76
85
49
1186
50
329
263
79
1046
288
63
36
114
169
88
131
30
56
706
358
163
295
182
307
1327
77
62
300
847
131
119
35
49
47
162
154
39
60
108
122
330
43
108
153
53
119
42
272
172
72
116
460
113
56
96
127
475
84
48
181
102
61
303
301
122
31
43
50
215
44
479
137
334
63
95
101
782
32
99
35
33
146
46
204
108
66
44
63
119
37
255
324
73
31
645
37
177
158
124
89
410
451
809
121
180
200
42
125
41
227
117
223
141
517
102
64
176
32
57
98
170
65
290
81
266
121
157
135
180
121
184
99
98
60
508
111
34
35
49
71
147
57
37
78
542
73
162
67
190
802
177
79
114
86
79
134
83
85
469
197
590
113
151
656
89
507
43
62
103
64
79
91
53
634
37
264
117
59
47
76
177
92
70
49
102
287
198
154
712
71
120
166
122
319
143
42
37
301
61
499
63
31
441
73
79
188
173
310
210
121
105
140
93
152
252
38
39
715
121
210
98
54
47
560
54
712
106
45
221
74
71
358
133
286
29
76
73
326
72
297
527
284
99
220
32
241
91
140
42
30
140
89
232
104
42
93
127
50
36
106
63
276
139
133
206
149
149
62
104
50
138
593
303
52
2664
300
91
89
96
59
50
188
182
297
649
165
73
760
136
91
141
95
137
204
56
82
174
129
66
144
58
128
145
249
637
29
260
46
99
398
152
53
220
81
86
69
195
39
243
244
234
66
768
335
71
753
382
44
154
273
95
452
453
42
200
339
79
191
64
89
237
135
131
58
72
114
546
53
433
70
36
127
360
141
205
92
49
365
223
274
839
656
83
373
150
80
284
624
150
226
132
79
788
44
69
579
226
109
166
37
209
151
206
191
53
102
91
119
256
196
838
47
211
91
262
71
213
35
48
460
213
58
65
173
145
93
74
122
57
190
126
206
79
129
56
465
258
290
193
110
379
63
53
75
75
91
43
67
49
81
122
72
86
45
49
49
56
50
107
89
328
72
640
294
45
293
100
162
59
191
80
35
84
103
206
136
44
71
45
46
292
162
227
159
61
206
251
33
67
203
188
173
160
166
111
84
128
108
56
69
424
52
49
802
42
246
72
481
128
909
124
115
81
52
42
127
164
84
627
113
111
739
34
141
37
335
864
195
72
88
199
129
82
170
103
61
103
47
99
49
38
61
87
97
135
132
133
31
455
39
217
50
218
58
80
144
226
59
260
40
70
221
291
392
71
174
92
254
149
235
65
44
211
35
286
548
203
264
1005
54
106
105
783
74
510
149
323
148
386
53
125
264
90
645
202
41
72
128
43
763
314
88
109
149
169
62
85
47
471
659
326
346
75
75
347
69
87
179
38
565
713
209
47
32
120
168
32
152
64
40
132
320
229
46
121
103
113
125
80
135
48
78
156
728
62
132
264
75
139
318
40
137
142
113
115
89
97
174
210
206
36
113
69
93
106
87
54
639
468
410
54
62
31
315
400
133
264
55
162
187
47
138
66
372
165
39
290
346
87
88
62
336
34
51
290
239
751
194
83
45
124
115
149
188
57
365
35
313
40
102
43
39
56
430
99
39
101
426
288
219
208
768
174
70
97
91
59
480
160
71
157
317
90
344
163
468
44
147
43
35
462
163
335
49
129
433
41
295
164
282
246
57
53
175
198
81
178
32
64
106
80
172
426
66
443
52
263
69
76
76
131
106
308
251
554
107
1034
48
173
49
350
81
477
72
413
163
84
39
109
91
83
66
132
56
239
72
56
99
68
148
133
213
235
127
102
140
73
32
137
80
114
100
84
91
53
64
93
33
55
205
72
69
54
132
250
281
31
83
800
875
344
85
267
251
117
134
203
235
41
432
114
113
69
61
154
126
207
130
128
215
171
99
113
49
217
82
247
130
113
40
57
329
142
79
375
179
271
36
241
1154
149
380
178
130
62
63
56
232
90
417
230
211
196
67
50
121
87
99
185
33
78
225
59
45
196
557
105
121
107
71
147
212
77
556
221
69
83
53
40
51
32
101
40
106
86
75
289
94
199
310
156
70
1340
74
119
502
57
140
145
54
235
137
259
186
36
143
290
33
65
115
36
55
34
120
215
199
76
911
231
164
30
130
167
54
230
82
56
42
179
98
200
44
40
247
395
181
241
205
48
70
282
499
148
51
318
159
83
130
214
41
78
62
263
141
111
76
528
39
111
121
2369
45
273
194
286
254
41
144
77
249
2549
31
324
225
92
192
41
115
320
511
51
111
43
148
469
79
36
252
1211
75
148
198
53
91
42
152
77
48
44
108
144
61
68
133
73
449
182
136
110
33
105
193
426
56
159
640
306
286
179
51
156
81
66
404
243
90
126
97
275
124
150
179
153
91
433
32
105
101
225
650
146
102
36
149
226
90
46
199
335
127
172
30
113
144
36
117
446
247
508
206
216
151
90
190
523
73
48
384
250
44
130
645
57
36
72
62
94
343
404
218
302
800
31
159
121
41
130
77
50
64
49
95
39
56
154
85
85
112
171
843
59
35
53
50
160
57
39
76
38
41
119
176
82
322
445
329
38
1313
58
43
50
56
38
36
64
82
82
42
54
114
62
469
30
319
435
106
119
46
203
136
147
203
35
45
112
194
46
33
969
67
86
258
52
406
142
160
106
89
41
115
37
334
504
115
35
53
76
247
50
133
310
230
47
290
418
162
217
711
41
210
39
107
142
42
221
94
219
153
80
40
306
36
551
74
66
606
34
163
413
282
749
56
65
723
145
174
211
355
67
154
106
58
156
371
39
75
248
49
248
263
194
88
430
1935
176
66
117
387
872
62
61
48
41
284
122
47
124
85
104
61
64
62
53
125
83
53
119
138
526
430
72
108
102
283
147
41
147
690
153
64
34
106
881
255
281
92
51
92
97
104
398
57
106
41
134
488
54
72
79
42
37
150
294
412
44
224
92
95
967
173
98
290
148
201
39
551
148
114
146
283
87
197
51
33
343
253
232
35
57
62
136
37
94
241
304
54
1338
55
74
184
166
325
99
168
132
80
42
237
89
305
803
103
386
37
112
62
48
328
37
555
202
57
209
40
296
70
1045
73
84
70
57
48
110
1164
111
263
333
206
218
87
287
145
217
31
48
368
155
57
70
157
42
81
216
133
125
33
520
41
1046
354
171
89
212
88
60
108
67
39
42
89
192
125
230
110
57
39
1632
43
566
262
287
432
137
128
143
36
100
101
52
156
177
228
204
42
54
195
36
40
63
130
232
673
490
318
92
178
42
36
102
116
52
87
77
100
37
61
166
361
213
107
94
50
117
281
239
42
60
582
545
104
114
41
103
31
289
80
111
94
171
55
84
124
159
80
390
172
201
117
54
65
167
151
97
111
112
82
165
436
1603
559
286
154
97
118
146
90
145
160
50
80
97
64
100
165
58
143
48
333
33
42
366
106
273
131
62
291
108
150
86
245
194
140
374
36
60
120
65
52
198
121
71
107
90
231
929
163
162
970
109
436
160
118
920
315
47
163
102
38
146
152
150
83
186
139
159
76
190
99
36
41
151
134
240
166
250
117
227
34
53
64
133
122
59
146
69
86
170
213
53
272
64
62
99
48
45
172
139
249
95
199
101
150
135
165
46
53
85
157
89
125
68
61
469
163
316
108
242
130
284
87
109
33
204
248
49
86
307
211
199
40
155
144
438
800
48
96
224
470
47
68
46
136
1120
123
616
48
87
109
127
41
53
58
62
62
82
53
115
40
69
124
186
242
71
187
117
130
161
232
46
106
392
135
35
726
42
159
208
71
292
306
62
286
151
43
45
55
158
248
184
57
50
189
2401
490
131
82
34
136
83
223
432
67
418
46
123
98
227
66
211
91
73
48
159
288
171
53
519
139
113
551
96
196
39
136
40
145
145
178
60
239
184
51
199
375
148
159
69
353
239
153
52
116
34
394
152
136
140
36
269
352
179
154
45
45
46
179
136
149
380
115
55
42
92
57
1817
69
930
127
166
172
124
120
34
102
46
43
36
97
74
51
60
221
121
269
195
70
228
40
152
39
31
71
69
489
228
45
163
456
39
37
114
40
56
180
46
107
345
1372
93
214
521
75
167
117
151
109
221
134
421
95
80
747
133
65
136
357
279
404
274
373
213
97
163
44
62
637
49
713
335
1159
59
61
190
60
210
132
48
290
55
196
125
77
36
626
69
456
1157
163
82
48
296
572
160
218
33
79
96
191
81
40
50
359
103
174
48
508
190
44
61
46
253
53
35
63
88
738
43
44
37
211
75
907
511
548
100
114
180
79
39
1431
337
99
164
199
101
817
101
134
199
134
280
33
134
34
166
73
123
70
58
33
172
300
48
50
158
394
40
450
62
387
198
88
90
84
127
928
239
61
81
45
52
58
189
267
79
85
221
146
54
454
58
229
179
258
216
143
71
260
180
101
114
34
145
145
173
87
144
33
113
84
521
419
591
60
255
332
159
237
184
389
60
92
75
1008
124
55
82
111
149
258
97
79
69
34
551
40
88
106
177
123
67
119
106
33
410
50
398
251
346
104
116
229
85
214
106
144
300
117
162
97
318
54
181
102
253
76
91
104
168
94
112
153
116
35
92
70
98
98
135
336
98
134
254
200
67
62
266
74
190
78
43
44
43
62
130
95
76
90
237
178
1642
196
464
141
51
56
47
41
68
136
93
62
264
302
426
70
270
87
67
118
270
229
59
40
243
105
115
39
118
68
97
347
556
132
234
50
36
252
79
78
74
44
434
99
87
114
254
267
296
696
75
170
118
114
734
142
50
92
74
288
95
44
973
86
848
95
452
44
42
189
102
40
282
33
171
1773
106
163
80
125
299
412
1117
54
277
85
338
48
55
196
328
152
540
44
109
192
52
99
168
129
142
106
50
79
390
1485
459
223
206
84
110
36
152
50
610
87
86
174
57
153
164
342
78
421
50
54
256
220
194
286
40
206
220
62
65
55
75
46
75
299
50
94
28
268
33
57
59
66
244
211
445
56
1918
31
64
60
80
260
204
79
473
152
77
104
518
78
111
131
1418
29
42
100
496
604
73
753
392
48
140
112
102
444
487
391
54
137
265
1807
270
94
50
1027
746
67
184
80
242
54
108
373
56
177
85
57
144
79
147
896
36
123
81
114
55
80
39
157
250
656
635
229
95
161
178
84
259
72
33
117
117
51
43
75
41
120
227
524
84
98
92
34
82
245
45
191
132
330
169
271
32
756
85
628
72
137
158
122
198
216
76
115
329
110
367
134
234
126
96
47
518
341
87
88
1135
296
419
305
60
73
180
91
31
710
681
180
207
199
319
39
88
126
156
136
69
92
50
43
119
135
234
34
178
248
39
35
81
63
112
132
39
181
151
74
74
333
129
71
130
92
170
78
305
79
65
34
97
67
206
136
73
277
137
40
337
118
109
55
92
62
118
1143
606
98
177
162
97
138
123
77
378
427
216
1265
47
245
60
84
149
809
175
235
323
127
92
65
45
46
246
87
243
51
169
146
120
320
502
134
130
168
313
285
248
33
251
217
151
105
68
282
38
369
128
66
52
59
193
586
180
34
198
55
64
53
81
165
81
273
1362
276
335
103
316
179
163
156
188
91
180
253
236
170
613
293
148
64
51
129
222
162
2047
356
85
147
34
67
73
330
301
330
65
316
78
112
264
162
177
91
1340
634
142
69
54
45
115
186
213
40
210
723
311
74
36
126
83
691
433
92
230
62
342
266
49
136
43
67
163
35
343
421
456
139
49
237
79
72
95
405
779
87
46
84
72
80
34
444
274
53
229
93
335
335
183
51
160
385
231
175
37
63
506
86
56
98
45
92
100
450
160
469
161
89
222
70
47
335
205
198
72
79
141
55
60
218
54
73
159
447
413
554
70
406
184
255
274
195
142
204
89
186
220
44
1033
249
94
134
149
30
64
166
42
86
574
76
165
261
169
361
530
96
180
76
135
107
93
459
78
100
1092
206
39
112
42
52
58
71
184
42
236
256
57
66
60
94
85
755
360
134
91
41
111
152
119
55
101
116
40
80
2879
44
420
141
209
159
186
49
60
897
271
308
325
50
170
48
84
289
61
197
94
544
126
48
68
172
147
162
62
35
90
306
329
346
85
58
169
193
51
131
68
83
95
292
209
97
46
117
123
180
315
71
50
73
225
410
45
61
124
194
270
268
113
83
180
402
125
97
155
87
39
63
123
71
47
542
112
44
46
109
87
82
112
200
45
1611
683
73
63
75
33
61
184
113
146
215
73
183
286
167
102
92
34
77
171
256
51
639
189
79
180
118
105
99
58
90
27
566
565
77
79
414
152
57
118
79
905
280
47
176
60
435
271
284
393
447
233
41
33
86
1880
124
53
72
236
64
173
59
57
809
234
184
223
470
66
109
65
98
263
90
73
69
38
109
246
72
153
198
347
1076
48
31
626
40
329
119
232
188
170
118
185
298
32
47
40
316
98
64
282
55
126
395
55
44
184
77
97
38
56
83
471
32
41
176
398
153
635
77
52
150
185
162
41
147
51
108
103
36
673
446
288
187
277
139
87
50
292
95
353
157
41
268
33
97
169
170
52
48
38
68
140
54
33
890
346
86
1687
382
96
37
44
120
684
59
186
244
46
44
489
343
289
72
51
225
156
81
84
256
234
189
60
73
61
65
125
53
194
68
36
143
367
61
75
1106
583
33
89
357
57
92
376
584
209
197
220
208
607
98
119
97
1390
91
121
200
404
80
498
60
156
330
69
115
45
44
35
294
159
134
33
173
321
68
72
91
186
170
261
57
75
77
53
182
106
191
177
477
34
53
220
77
268
50
59
163
81
46
272
94
34
82
106
368
133
114
227
346
672
229
305
388
157
220
78
109
1264
251
43
99
64
239
105
750
150
909
622
348
46
266
38
77
454
161
38
264
62
96
58
505
522
74
85
124
114
495
103
189
198
47
76
60
86
123
80
108
34
44
68
224
43
71
83
241
234
25
69
46
57
207
381
195
139
471
59
79
72
52
204
54
159
218
50
200
153
98
820
84
152
149
61
70
83
336
864
124
492
39
38
120
41
48
118
31
68
46
186
85
164
47
173
55
53
184
44
145
102
190
924
191
100
293
246
69
69
79
255
140
139
48
61
47
51
248
80
80
73
63
44
172
60
57
67
63
81
236
50
779
53
29
173
2176
66
798
398
168
78
839
928
113
515
1373
109
57
67
61
147
251
54
462
104
232
319
210
518
177
68
342
33
51
45
52
57
330
138
174
140
33
926
91
423
57
155
114
215
36
204
64
110
199
270
91
80
73
78
251
339
605
110
37
131
113
90
58
48
47
41
181
52
187
387
49
185
238
32
328
32
350
52
93
134
29
195
267
220
177
74
133
66
51
203
221
323
129
313
64
97
120
56
87
245
372
272
402
81
159
136
107
31
147
203
122
72
46
48
44
317
146
53
62
135
149
57
165
82
126
125
48
122
56
89
84
189
102
136
155
630
183
67
80
66
245
103
75
117
63
288
217
264
64
199
275
125
64
97
108
333
108
74
114
123
166
84
123
234
106
128
49
94
45
211
110
178
235
42
148
53
95
73
1058
39
201
31
108
254
67
33
121
55
60
37
68
40
91
299
136
65
89
90
67
563
328
41
49
82
148
64
356
31
355
103
514
185
63
279
59
36
299
160
380
56
243
160
68
111
103
270
53
76
250
466
44
97
77
123
160
69
42
222
236
39
39
31
596
85
67
768
2099
326
67
132
165
438
245
83
70
131
60
229
237
86
85
133
131
42
181
508
164
33
356
136
67
73
61
172
211
77
183
590
36
49
192
154
92
135
137
36
678
586
1064
63
103
112
65
130
187
67
121
79
228
496
57
47
88
115
38
151
324
111
98
146
77
32
53
129
66
90
66
64
75
85
486
314
748
105
72
108
657
156
109
123
87
260
46
230
91
76
48
583
45
502
183
72
69
104
306
61
55
207
280
64
60
41
72
455
62
142
46
35
472
63
215
114
52
228
34
128
54
147
62
121
87
55
144
54
111
165
136
117
367
33
372
257
319
56
232
81
466
134
128
313
116
59
34
342
141
34
51
62
35
49
317
61
102
59
192
320
36
151
121
87
115
127
188
51
363
268
249
127
199
486
51
333
123
126
135
41
42
36
80
189
96
60
271
133
95
399
167
110
217
355
111
41
114
68
1071
393
126
35
127
147
342
136
436
154
58
144
130
114
964
125
103
286
71
107
912
150
325
78
148
58
112
353
372
227
177
254
157
184
79
268
352
295
42
72
126
46
37
300
134
43
84
74
192
133
147
48
214
290
89
60
58
227
109
91
56
93
80
364
85
39
393
221
199
63
200
85
160
85
377
46
56
445
46
164
108
239
62
215
36
52
193
53
300
93
377
133
33
401
109
290
325
228
143
43
485
193
49
43
54
54
147
60
446
131
206
126
49
618
40
71
35
244
33
120
37
120
44
170
106
228
222
76
1697
112
392
120
112
115
92
262
100
644
45
444
153
33
151
128
229
100
184
199
83
173
593
301
101
51
115
56
341
100
120
599
76
141
173
427
240
115
180
67
110
64
3359
36
31
46
786
390
212
159
79
114
31
113
58
31
200
326
44
308
190
430
77
415
175
63
112
39
68
195
38
72
288
93
51
189
64
159
133
78
53
257
63
63
95
128
297
343
86
32
46
322
263
107
461
34
299
31
345
155
547
77
57
914
248
88
440
303
189
71
148
104
152
221
146
343
42
132
210
451
80
340
42
61
505
167
288
130
195
158
77
460
44
28
74
293
216
338
55
137
232
196
67
85
39
175
152
68
615
63
147
781
36
177
803
58
48
305
94
192
911
188
478
103
541
309
111
353
455
114
91
56
117
167
103
128
200
194
575
39
312
119
48
49
75
497
429
55
77
159
445
91
319
79
35
51
141
90
125
231
165
130
33
64
238
61
45
171
393
34
42
85
164
145
62
76
137
171
196
523
262
38
78
225
131
191
348
55
137
310
56
736
133
182
45
245
44
760
285
43
90
109
280
383
843
60
133
2047
42
183
239
166
365
131
88
105
313
97
201
275
255
136
48
121
31
39
861
462
36
109
51
102
259
372
153
43
132
174
1192
30
44
43
59
83
110
155
121
980
371
112
91
224
187
235
213
151
126
44
480
40
1064
112
90
216
56
96
929
63
722
59
160
103
43
98
105
763
41
156
106
59
138
182
2265
32
73
233
63
208
51
253
67
45
74
155
112
44
85
228
90
151
51
252
182
105
53
106
62
157
121
82
33
211
241
128
150
41
47
99
398
176
90
263
316
495
259
166
52
38
118
62
133
85
31
36
412
256
89
190
106
80
53
82
43
914
103
105
66
32
646
179
60
75
44
188
38
105
166
43
40
237
224
34
32
100
108
35
58
187
144
883
52
948
156
256
57
248
54
111
174
144
39
51
87
802
245
82
154
76
97
45
154
49
165
63
133
72
399
74
64
99
155
725
95
293
100
31
326
76
90
99
28
69
79
225
85
86
680
120
96
90
47
114
433
39
49
321
237
281
302
33
199
86
121
110
101
209
390
86
83
228
89
837
960
1831
86
42
48
142
31
311
44
49
30
184
187
85
81
513
52
119
517
65
47
59
80
46
59
146
130
29
132
205
49
62
138
69
137
61
100
207
53
57
114
30
221
167
74
30
78
257
146
816
383
42
911
178
183
301
54
205
186
159
51
144
159
60
46
27
163
42
276
288
116
218
318
72
33
184
41
270
63
180
76
75
38
248
404
201
980
224
184
80
93
154
216
395
46
61
431
329
57
92
103
331
139
234
55
51
36
404
66
32
121
52
331
203
399
77
70
74
945
86
42
129
1375
35
36
98
96
443
60
46
139
75
268
216
33
221
133
144
69
193
314
401
146
44
196
271
72
63
102
133
101
44
103
152
420
256
261
81
51
153
116
386
70
138
63
33
54
392
56
72
154
58
119
218
442
159
222
176
187
62
120
65
53
66
80
125
163
110
139
57
190
132
120
45
571
59
92
106
174
54
34
379
66
612
649
36
39
278
486
143
251
170
284
133
86
85
241
193
35
313
42
140
425
137
62
46
100
121
2839
193
162
139
73
64
498
45
244
115
78
70
57
83
372
44
77
38
45
933
44
32
349
349
42
94
45
174
118
751
460
128
325
616
47
405
84
174
148
301
184
204
69
51
295
265
113
45
84
65
138
124
246
149
499
128
213
66
84
207
35
89
79
37
229
101
62
283
81
103
1193
499
60
300
164
34
341
46
70
163
90
112
48
46
44
137
31
254
251
30
220
104
136
36
660
43
120
159
149
348
99
284
85
152
371
79
130
236
42
454
38
102
163
41
319
73
31
278
43
83
78
182
152
90
115
61
135
52
255
132
46
176
80
185
182
77
63
618
161
36
79
154
815
208
34
188
78
42
34
560
65
130
288
94
72
44
134
196
65
47
64
86
183
122
237
87
63
59
144
507
249
30
289
62
50
66
1227
82
69
102
56
122
37
35
280
326
37
229
47
162
607
38
235
240
85
54
69
142
32
318
83
414
257
185
123
98
52
57
71
56
146
71
72
200
251
383
75
511
103
357
240
215
46
43
109
125
95
60
124
129
77
406
60
507
138
105
76
96
211
86
76
37
291
63
71
37
163
483
58
80
101
224
41
410
83
1577
74
38
72
133
465
241
145
54
210
267
118
224
156
93
48
37
64
244
170
221
190
43
169
106
216
41
146
70
53
640
98
185
34
248
208
303
152
144
157
44
140
297
103
121
84
83
71
38
78
203
177
35
76
111
131
66
125
74
62
34
332
60
89
91
57
582
47
107
223
525
121
59
131
246
228
31
106
96
272
63
242
188
248
62
34
251
454
212
222
165
54
29
71
60
273
71
144
54
1267
224
150
72
214
41
176
217
114
202
58
350
59
241
70
224
662
52
94
98
68
179
31
53
1076
44
420
34
369
755
78
48
403
129
189
33
342
98
38
576
67
93
86
113
36
48
46
84
163
105
385
427
36
110
104
1338
757
341
915
251
114
123
217
143
33
94
496
48
40
103
31
1186
128
1449
92
84
182
186
264
36
106
902
200
60
45
222
41
130
56
245
33
511
168
310
1159
111
54
202
36
58
136
34
66
48
345
32
51
60
73
89
156
95
253
137
60
103
196
108
63
47
446
92
91
125
733
30
68
73
64
63
100
213
133
129
445
33
313
134
414
90
216
63
34
48
262
189
71
72
179
85
65
362
240
37
291
218
95
93
96
102
162
183
45
102
146
163
58
80
244
47
101
27
188
666
212
169
398
142
119
342
52
692
120
142
80
205
44
43
93
37
69
350
142
162
231
130
141
44
47
33
115
35
79
248
163
328
208
280
193
61
80
186
557
135
36
150
49
1057
46
36
50
54
113
38
97
110
141
67
365
100
400
84
2008
60
86
280
41
159
152
113
96
152
662
190
244
61
170
49
178
218
86
71
205
188
94
63
98
48
405
52
103
94
81
87
55
117
449
66
208
59
57
39
40
253
62
734
32
484
160
594
70
40
58
206
151
186
260
198
47
44
167
68
60
64
535
74
110
51
48
247
80
75
86
40
94
64
39
106
170
48
36
38
44
41
48
495
158
129
93
683
46
176
51
88
190
599
431
176
375
2349
100
252
199
102
65
248
158
581
243
269
101
189
33
83
36
131
488
188
114
62
325
645
157
132
150
254
147
619
377
349
104
42
91
53
333
114
54
496
42
209
76
41
327
229
35
57
201
135
204
94
175
73
367
144
136
62
143
508
49
952
159
75
164
621
98
61
34
262
112
164
50
119
81
69
59
176
176
121
126
380
394
59
106
58
71
113
67
295
79
298
40
92
344
226
49
109
53
56
200
88
140
178
308
596
311
141
118
824
31
495
267
30
44
40
64
98
47
133
30
67
65
215
134
170
76
299
175
150
232
674
374
47
189
49
36
148
143
50
73
139
332
145
826
379
235
102
76
93
383
300
136
47
88
117
130
136
595
101
45
119
69
64
123
173
132
249
54
47
91
68
58
72
35
33
163
93
31
46
44
93
377
92
534
34
61
524
384
131
137
65
74
111
80
160
171
229
34
67
37
460
114
106
100
111
144
37
43
59
143
33
643
98
984
153
448
138
97
90
181
98
119
58
56
79
74
409
51
177
153
53
282
40
150
314
184
41
111
90
264
226
69
67
382
59
143
369
688
37
110
43
47
367
104
32
562
59
178
306
119
53
280
137
86
120
68
66
505
128
732
88
72
81
89
197
88
36
118
265
80
92
72
96
34
178
50
116
187
86
46
47
245
852
300
78
158
174
186
121
160
2112
141
78
169
51
94
97
41
61
172
434
421
136
36
126
104
64
239
174
62
486
155
60
32
148
136
40
33
802
93
37
339
191
83
103
47
74
570
36
250
121
34
95
90
69
98
52
35
1164
275
57
280
183
143
67
163
306
34
222
232
264
86
52
134
249
137
315
842
57
264
252
119
144
596
82
152
210
159
137
122
63
307
139
148
35
258
190
128
128
40
128
235
113
182
330
69
78
111
202
66
58
165
187
85
97
129
159
80
781
414
78
38
206
649
1197
292
100
32
268
153
364
134
207
1456
39
273
288
61
108
206
208
66
34
213
31
86
188
228
52
73
35
215
93
56
52
89
46
306
30
37
115
78
35
51
287
197
50
104
138
138
670
119
158
172
163
226
144
84
79
45
54
31
177
36
208
105
57
119
359
175
169
362
156
89
48
1084
47
64
70
58
79
43
70
56
58
52
77
47
218
36
66
75
101
241
203
579
35
270
52
247
32
209
60
129
109
148
194
48
47
100
153
142
76
61
1309
216
178
291
45
489
73
114
702
56
42
91
319
161
519
72
291
67
54
796
43
71
98
217
42
348
153
150
30
249
86
347
121
42
155
99
508
299
112
47
327
61
187
435
249
69
88
174
164
74
552
33
52
131
306
31
70
319
31
48
88
70
73
122
85
57
276
495
57
80
337
265
125
45
36
154
109
133
1030
50
439
34
50
38
280
42
159
88
308
187
85
490
437
193
35
118
869
42
59
47
32
166
484
186
282
405
131
126
150
180
234
179
887
110
103
197
686
209
234
113
52
103
134
119
91
56
73
160
156
318
62
90
566
78
169
63
258
153
92
313
377
98
52
59
50
961
32
127
236
156
477
137
340
67
33
181
76
65
341
165
136
201
39
31
34
376
745
90
72
32
56
80
76
57
327
33
57
54
266
106
87
276
132
543
210
329
45
40
99
192
387
115
128
31
64
178
251
137
491
226
308
62
610
444
660
210
109
120
66
403
361
99
32
121
45
1101
217
237
217
314
247
55
200
89
278
188
82
37
36
149
520
322
97
80
255
224
75
98
186
747
141
148
62
162
127
205
243
113
101
73
158
168
749
33
100
186
414
60
58
36
258
103
96
85
164
285
63
474
42
47
213
107
46
39
46
44
297
326
151
262
238
242
254
173
52
755
51
137
145
96
79
144
130
156
685
74
347
45
238
113
45
56
229
1070
35
135
267
48
59
132
101
174
135
84
233
330
57
97
125
1468
250
33
52
596
86
374
140
250
63
43
97
147
68
523
63
101
85
990
307
99
133
75
112
459
423
33
128
164
122
269
334
140
130
59
75
44
228
97
100
130
240
84
154
73
146
40
54
97
138
38
73
30
33
261
406
1517
39
161
82
148
340
294
276
125
459
35
50
104
37
534
92
109
73
57
474
295
264
277
159
58
174
81
275
56
153
408
216
57
36
98
58
161
334
39
93
1169
809
126
42
82
389
460
403
132
60
43
61
651
44
571
34
173
100
330
78
54
48
1254
70
106
50
74
231
321
97
209
98
426
125
106
1043
56
62
272
50
83
115
166
118
106
100
356
54
135
34
209
444
36
415
181
48
69
161
87
132
209
245
52
265
122
1880
58
216
108
719
248
159
167
137
32
28
80
53
77
40
120
52
46
236
42
396
432
507
39
120
481
110
731
54
341
116
216
36
122
72
178
205
92
1032
50
177
202
211
178
165
155
98
331
164
88
58
57
59
101
224
156
33
283
81
182
260
251
182
165
72
36
32
45
137
795
887
146
55
160
157
401
366
98
42
35
780
156
101
289
405
55
198
290
70
254
49
1057
65
103
205
125
245
218
88
261
80
206
30
160
43
94
41
59
171
92
63
92
432
144
55
335
264
267
53
186
177
154
63
43
243
125
169
221
94
246
150
187
403
84
229
67
115
71
47
41
199
95
83
329
109
212
141
52
164
67
137
390
211
104
265
262
115
163
346
69
46
112
46
54
215
74
192
101
296
35
123
90
170
94
139
87
41
387
32
183
124
158
52
145
84
229
84
63
79
63
92
34
41
74
58
461
55
69
174
384
144
81
91
131
180
203
78
78
67
165
32
38
148
298
72
202
176
226
120
222
88
67
262
185
311
553
166
152
46
1220
89
105
141
177
60
47
72
516
389
88
52
79
61
73
48
528
331
75
208
221
229
46
33
61
47
346
154
43
339
576
639
107
79
75
52
199
123
167
53
84
100
221
118
42
91
51
56
1147
34
259
45
35
339
86
412
216
253
54
169
135
163
306
86
157
803
56
93
264
239
188
92
44
55
63
91
74
103
113
647
161
262
131
84
390
169
33
79
50
103
341
88
59
183
53
192
86
67
45
58
163
57
445
185
94
393
41
55
136
71
38
134
106
306
212
714
41
402
145
304
106
234
123
103
79
72
50
85
135
94
33
52
140
72
68
74
63
56
619
68
289
189
150
506
33
106
34
210
76
303
103
160
240
64
51
65
47
110
110
213
1124
250
278
154
31
70
93
425
53
167
75
64
121
778
45
112
531
119
56
199
121
33
174
178
49
721
83
259
121
56
204
113
116
78
96
216
44
45
115
94
117
117
517
80
85
91
88
578
69
108
108
32
137
176
81
157
97
401
246
103
128
30
346
87
36
282
621
66
105
488
162
144
686
84
558
30
57
58
234
48
480
42
94
134
47
131
368
58
709
339
1377
284
262
177
32
593
708
969
260
159
73
283
138
76
255
900
91
162
242
87
44
151
52
100
124
42
725
157
797
137
69
108
57
244
402
70
267
164
65
113
155
92
170
332
35
33
179
118
132
61
107
57
81
87
149
49
232
85
233
40
65
56
133
35
37
103
67
99
310
56
127
56
330
152
314
167
97
59
223
83
112
300
97
50
36
418
250
140
141
66
32
290
491
300
380
86
73
63
440
81
307
83
42
62
254
151
90
454
36
82
40
875
121
63
208
67
77
86
299
97
60
42
288
104
244
193
100
159
51
592
44
335
55
55
108
129
159
70
58
253
34
32
69
596
408
140
33
240
33
275
227
106
65
150
118
66
318
37
93
165
32
115
94
186
148
33
261
69
51
80
49
703
86
59
49
137
149
284
148
252
32
103
31
230
304
53
43
123
228
196
71
91
74
142
104
251
119
56
42
60
196
100
90
202
219
353
56
266
31
102
69
145
80
169
84
72
129
116
581
281
59
534
292
62
124
52
118
785
36
44
113
149
40
75
79
98
141
85
72
354
92
151
175
213
32
127
204
101
44
74
56
118
121
68
119
241
240
385
278
81
1308
91
31
47
610
206
244
90
113
513
488
54
81
43
426
60
497
44
52
279
257
127
132
59
124
158
176
148
91
160
66
93
38
63
39
78
92
66
46
274
51
86
522
67
561
30
69
218
514
79
190
38
51
273
178
244
99
1117
264
374
364
111
119
185
53
42
140
65
275
31
146
48
88
95
232
99
309
170
68
1632
458
176
38
55
211
66
69
65
154
80
135
66
194
121
248
72
300
42
59
30
72
108
33
125
87
43
87
212
550
150
472
714
215
40
88
56
134
351
39
116
44
30
695
67
74
360
96
134
395
183
115
398
179
165
373
93
64
89
813
204
174
79
79
1613
323
177
942
91
70
100
49
465
65
343
40
315
149
191
39
185
55
42
396
90
279
188
27
514
175
87
124
133
159
214
113
76
331
241
81
313
62
37
54
60
223
124
271
84
41
52
38
216
455
35
63
36
41
109
65
149
66
151
712
132
428
57
86
71
250
238
44
45
116
42
88
295
78
168
141
132
185
1085
224
42
152
79
249
48
527
121
38
94
207
88
56
573
34
89
73
47
61
67
130
63
387
124
31
50
110
82
164
109
169
168
135
32
113
252
144
65
750
137
97
224
70
45
37
273
78
149
64
276
90
137
337
56
55
93
96
256
112
956
126
152
1847
116
73
63
36
152
154
68
171
537
61
210
150
64
280
139
113
590
144
114
80
385
149
946
135
148
747
216
78
343
44
153
362
65
244
141
127
38
96
99
167
320
156
843
55
478
91
346
270
81
362
61
94
286
223
34
66
92
1135
32
32
141
168
95
361
47
151
126
208
468
399
220
31
84
560
52
77
55
55
38
186
49
104
374
148
110
122
56
43
105
74
67
69
90
47
254
46
205
107
98
266
47
58
394
108
144
341
406
90
417
84
65
134
85
126
245
404
48
274
59
38
294
243
74
149
37
87
80
434
100
114
92
134
106
186
95
610
212
62
46
107
360
257
56
254
824
136
439
102
143
252
98
334
661
35
45
115
58
62
83
84
40
247
183
287
255
87
210
123
562
98
261
92
45
89
302
289
119
41
84
44
94
235
351
480
38
194
305
216
93
78
110
60
368
81
153
83
120
323
1562
39
170
207
103
662
225
62
182
283
348
94
122
157
403
110
66
145
41
502
280
74
104
736
213
54
39
62
113
74
168
343
38
130
117
82
481
64
54
290
34
39
1196
218
48
233
60
73
151
35
267
307
73
68
228
53
460
33
217
54
192
141
121
45
292
42
48
50
132
347
191
112
133
153
61
300
666
133
113
263
52
121
106
46
188
44
1241
258
42
166
34
52
102
36
52
144
49
149
130
31
96
1046
56
384
63
789
394
95
201
46
51
61
86
131
37
91
248
93
74
206
75
34
83
298
275
129
117
171
59
257
41
66
190
278
32
70
44
287
381
40
79
433
104
77
104
310
53
305
52
115
239
179
92
111
193
207
61
44
100
61
398
149
238
89
277
265
189
445
96
52
354
179
226
112
79
179
222
39
92
337
39
114
57
145
63
63
31
188
44
41
180
116
176
186
447
796
123
82
47
303
147
200
52
38
111
181
122
34
233
53
51
315
133
85
382
35
268
99
270
524
44
73
448
55
139
40
170
306
78
52
346
80
34
86
83
132
48
62
331
192
373
58
112
145
157
274
90
114
119
100
103
74
108
51
33
50
30
290
32
381
48
451
389
145
51
261
599
1078
88
394
51
111
620
45
34
158
96
944
128
64
206
235
187
120
389
120
333
59
155
136
245
165
744
238
442
1287
187
303
53
173
69
88
108
49
255
219
59
405
286
117
240
90
359
129
341
65
73
47
219
124
115
238
102
102
145
68
241
310
116
110
222
218
165
103
56
105
246
78
119
52
30
263
353
242
122
73
123
606
113
90
160
249
98
59
130
45
151
320
122
380
752
136
103
293
47
90
81
85
145
184
199
209
66
67
40
42
150
71
132
66
463
260
71
181
183
1262
225
100
77
186
138
241
60
208
79
233
270
57
83
352
281
86
34
397
317
32
88
84
125
286
97
37
64
1236
94
85
107
65
40
98
528
55
211
31
196
239
73
154
124
69
322
71
109
319
127
217
106
86
125
158
124
1700
87
102
36
57
310
295
147
94
173
1271
321
88
99
40
450
105
70
209
124
33
100
37
367
177
58
219
46
227
32
102
153
226
859
46
50
141
98
349
250
136
30
592
157
127
341
49
83
106
63
134
202
109
36
132
116
110
70
31
59
35
340
130
265
650
492
45
383
74
143
163
100
136
69
37
50
795
62
230
413
40
53
120
354
45
110
398
207
1025
133
51
387
147
69
431
55
242
31
131
140
36
74
138
138
701
537
212
59
109
279
92
228
30
52
82
92
519
296
227
96
104
200
65
72
84
116
59
165
724
95
106
75
83
54
232
138
80
40
134
79
214
54
82
116
48
71
122
150
101
179
42
140
87
164
98
177
529
95
42
49
208
119
62
73
32
49
101
255
148
115
205
208
66
73
96
50
247
343
380
113
64
78
333
476
150
180
243
291
1316
198
62
36
52
75
533
73
59
198
250
149
102
157
41
80
64
176
37
50
97
80
68
77
361
191
31
67
145
33
198
945
155
531
88
63
303
148
83
72
107
89
136
126
38
248
54
102
222
185
83
206
134
136
58
630
486
172
38
116
130
740
412
371
56
127
40
63
36
158
145
150
51
261
41
535
76
45
98
82
61
137
50
274
75
151
119
62
169
74
114
149
55
52
63
37
177
156
320
383
121
1023
361
96
379
88
312
789
97
53
197
93
66
430
234
102
65
54
37
202
205
2056
53
65
127
168
75
30
62
434
48
64
589
108
281
172
1143
62
141
39
112
87
42
206
83
71
660
165
91
555
42
40
31
275
513
80
315
70
47
54
59
326
154
179
335
51
243
57
261
557
179
162
87
66
64
79
183
213
48
31
68
1445
51
48
32
142
637
151
512
93
237
113
735
259
135
43
54
139
396
35
107
60
96
66
42
105
276
119
43
86
345
139
58
149
223
398
78
52
712
153
233
282
3234
190
64
346
232
586
385
281
31
131
528
103
101
517
106
117
76
116
80
421
99
317
461
52
202
74
70
86
210
58
63
81
69
120
125
216
272
73
202
69
219
112
70
50
75
76
49
606
89
57
178
130
36
48
31
398
52
37
54
81
109
42
226
39
762
145
609
30
719
283
41
191
70
38
140
92
77
34
83
77
332
82
89
246
689
43
143
105
174
198
55
172
157
175
151
92
120
33
46
67
228
140
56
577
49
82
64
67
71
42
512
1266
189
42
197
137
71
268
184
273
35
123
66
109
63
38
35
125
59
75
268
66
46
59
65
33
177
117
238
199
284
258
39
200
98
62
187
38
52
72
84
152
270
462
268
52
157
252
133
75
300
109
56
532
187
47
386
188
34
398
441
58
107
139
91
37
99
416
115
190
539
59
301
82
76
690
165
208
353
38
57
323
112
82
52
231
39
395
118
179
42
121
854
38
65
128
674
34
98
224
62
79
82
265
306
785
167
272
199
163
156
65
160
302
692
43
124
60
76
59
189
189
61
123
123
209
46
82
70
155
76
502
73
139
162
40
58
50
103
52
162
194
328
104
59
56
139
63
75
51
203
363
109
1352
53
245
74
99
63
395
43
66
173
